#
 9.268175174118523e-03 9.704997516827938e-01 7.527176229649112e-02
 9.529042151304378e-03 1.048473648403495e+00 7.792839846639908e-02
 9.797251628875436e-03 1.071834923341405e+00 6.666572518352923e-02
 1.007301027274429e-02 1.000058833242602e+00 5.621222356710846e-02
 1.035653056575200e-02 9.995968123734572e-01 5.253189109456426e-02
 1.064803097139443e-02 9.452851500295776e-01 4.561275245873814e-02
 1.094773610215694e-02 1.017355092847083e+00 4.392744915198273e-02
 1.125587689258711e-02 9.535786098078685e-01 3.864753411117382e-02
 1.157269077723885e-02 9.600491302152250e-01 3.583476670133420e-02
 1.189842187362504e-02 9.673009098300902e-01 3.302986745929286e-02
 1.223332117031964e-02 9.762934633256138e-01 3.108688029839890e-02
 1.257764672035419e-02 9.803289533167224e-01 2.863985752370335e-02
 1.293166384005785e-02 9.450930755015450e-01 2.636686810444934e-02
 1.329564531349395e-02 8.985343195082965e-01 2.396297228621157e-02
 1.366987160265085e-02 9.074310877970291e-01 2.241438655620725e-02
 1.405463106354887e-02 9.249559015201800e-01 2.118310385788858e-02
 1.445022016842993e-02 9.196199549103776e-01 1.979112619748470e-02
 1.485694373420100e-02 7.652847133321947e-01 1.658911222881890e-02
 1.527511515730748e-02 7.090681245902583e-01 1.484683276864606e-02
 1.570505665521747e-02 6.617715559351121e-01 1.353291366099468e-02
 1.614709951470289e-02 6.112718416461994e-01 1.198497397373699e-02
 1.660158434710900e-02 6.122834838936663e-01 1.142207019705687e-02
 1.706886135080873e-02 5.881748373149387e-01 1.055623598881743e-02
 1.754929058104427e-02 5.650297742237467e-01 9.747888179982111e-03
 1.804324222736375e-02 5.277495504171086e-01 9.181084641194661e-03
 1.855109689886679e-02 5.106458163083318e-01 1.342661468368003e-02
 1.907324591747870e-02 4.691411654489363e-01 1.171773941934705e-02
 1.961009161947940e-02 4.155354390228804e-01 9.984448981536088e-03
 2.016204766551926e-02 3.526160185683532e-01 8.279851797325615e-03
 2.072953935936086e-02 3.268338009761347e-01 7.774652991582845e-03
 2.131300397559217e-02 2.707640907473576e-01 6.417404329811276e-03
 2.191289109656382e-02 2.253644532809798e-01 5.355319025079274e-03
 2.252966295880984e-02 1.863449713723194e-01 4.012978024509210e-03
 2.316379480921909e-02 1.442936752753210e-01 3.183318472336280e-03
 2.381577527123157e-02 1.159834796690039e-01 2.601561369651681e-03
 2.448610672134194e-02 9.200410610398858e-02 2.140904489740962e-03
 2.517530567620030e-02 8.157084519149815e-02 1.950474600261759e-03
 2.588390319060851e-02 6.443930362912551e-02 1.609135520503837e-03
 2.661244526671871e-02 6.025581255558039e-02 1.481265686725050e-03
 2.736149327474939e-02 5.997143882817223e-02 1.425629717407749e-03
 2.813162438554315e-02 5.827444661443325e-02 1.333861819215717e-03
 2.892343201529940e-02 6.025684150456063e-02 1.309390261494786e-03
 2.973752628282486e-02 6.203594867542951e-02 1.265730884100210e-03
 3.057453447965399e-02 6.177828413032197e-02 1.219875849810244e-03
 3.143510155340166e-02 5.944606844894216e-02 1.138443949048073e-03
 3.231989060472062e-02 5.716319878942145e-02 1.070808528450785e-03
 3.322958339824649e-02 5.269737693493900e-02 9.769468538658409e-04
 3.416488088792415e-02 4.545312079860916e-02 8.537870514869230e-04
 3.512650375712021e-02 3.753212109184571e-02 7.328699362034795e-04
 3.611519297393781e-02 3.008761784375679e-02 6.135272772844511e-04
 3.713171036216154e-02 2.257771675522301e-02 4.995281810640131e-04
 3.817683918827255e-02 1.544767196270816e-02 3.853195426096586e-04
 3.925138476498608e-02 9.810687419231840e-03 2.867555159600283e-04
 4.035617507177640e-02 6.109598981166615e-03 2.128545001046999e-04
 4.149206139286751e-02 3.038613273146434e-03 1.412682493727468e-04
 4.265991897318096e-02 1.824730061514803e-03 1.041763278475944e-04
 4.386064769274637e-02 1.495083215572834e-03 9.350303085768669e-05
 4.509517276009423e-02 1.565607702821309e-03 9.587845250174161e-05
 4.636444542516538e-02 1.641012864306323e-03 8.639147444986687e-05
 4.766944371228632e-02 1.623964352775238e-03 8.416005289557551e-05
 4.901117317377528e-02 1.237444043113875e-03 6.878225457760381e-05
 5.039066766475971e-02 8.940240102006200e-04 5.610437026925664e-05
 5.180899013980217e-02 3.865945201598193e-04 3.474114108297259e-05
 5.326723347194844e-02 1.262920200357797e-04 1.914411646559313e-05
 5.476652129482906e-02 1.533515269186520e-04 2.004017401237807e-05
 5.630800886846307e-02 4.671553378893967e-04 3.421402322896584e-05
 5.789288396943107e-02 1.109795267793478e-03 5.170997996682945e-05
 5.952236780610373e-02 1.529386629425223e-03 6.049799146574644e-05
 6.119771595963058e-02 1.904316079528538e-03 6.708811461157561e-05
 6.292021935141458e-02 1.836641859298152e-03 6.339115447363608e-05
 6.469120523781756e-02 1.481727812098582e-03 5.428644227914019e-05
 6.651203823286334e-02 1.011317918106403e-03 4.203059059111240e-05
 6.838412135972625e-02 6.199269940843187e-04 3.119022831233678e-05
 7.030889713181551e-02 3.774519731167817e-04 2.283864807305205e-05
 7.228784866428828e-02 3.578077008305959e-04 2.138337310160346e-05
 7.432250081684805e-02 4.930419662948971e-04 2.436228671955873e-05
 7.641442136870882e-02 7.300022654427037e-04 2.903296542325212e-05
 7.856522222663037e-02 8.744754927831501e-04 3.118445493399969e-05
 8.077656066695557e-02 7.588403694700115e-04 2.771279615336296e-05
 8.305014061260681e-02 5.361830760147083e-04 2.209125667695729e-05
 8.538771394602532e-02 2.842521962222164e-04 1.519333773936437e-05
 8.779108185906528e-02 1.023079474964631e-04 8.513783520492144e-06
 9.026209624088273e-02 2.993550327557276e-05 4.438425336605244e-06
 9.280266110488869e-02 2.989402630874704e-05 4.417359815932014e-06
 9.541473405586612e-02 3.424506507184243e-05 4.482698811626227e-06
 9.810032779838117e-02 2.726678228616228e-05 3.786562933100087e-06
 1.008615116876508e-01 1.766735892381445e-05 3.003542127721827e-06
 1.037004133240623e-01 3.272253798453191e-05 4.060244665546093e-06
 1.066192201925724e-01 6.845133190905700e-05 5.822062767324877e-06
 1.096201813482505e-01 1.011822737438972e-04 7.131423370030618e-06
 1.127056091492634e-01 9.038908239587927e-05 6.565640753358607e-06
 1.158778810386383e-01 5.638139509777032e-05 4.929769099837397e-06
 1.191394413761755e-01 3.062500833962437e-05 3.539399629154260e-06
 1.224928033219234e-01 4.865217728937954e-05 4.462114384859000e-06
 1.259405507726669e-01 5.169830543913571e-05 4.684004487089698e-06
 1.294853403529213e-01 5.096303134632996e-05 4.604538900705694e-06
 1.331299034619651e-01 3.279797945570188e-05 3.778106531043931e-06
 1.368770483784907e-01 1.127153221906776e-05 2.224929144136748e-06
 1.407296624244930e-01 7.145161108731904e-06 1.682231319009994e-06
 1.446907141900640e-01 1.009152385881302e-05 1.922724935942648e-06
 1.487632558208079e-01 5.650454827947376e-06 1.390658563986722e-06
 1.529504253696389e-01 6.247061893515324e-06 1.464445439357488e-06
 1.572554492147739e-01 1.124695841301356e-05 1.875847973062726e-06
 1.616816445457834e-01 1.300322255632348e-05 1.993878043737517e-06
 1.662324219196161e-01 1.123592958404197e-05 1.792162424277175e-06
 1.709112878885664e-01 1.075986660245652e-05 1.727018446415843e-06
 1.757218477022109e-01 9.743641312521449e-06 1.614116419505557e-06
 1.806678080853937e-01 6.699415870368459e-06 1.301624982335729e-06
 1.857529800944039e-01 5.957365285916053e-06 1.222806287074415e-06
 1.909812820535434e-01 6.051370580893587e-06 1.223455626354223e-06
 1.963567425743492e-01 4.945630318616849e-06 1.097740849409217e-06
 2.018835036597970e-01 6.176982964892124e-06 1.206547693470983e-06
 2.075658238958762e-01 4.499440274472248e-06 1.034031660379202e-06
 2.134080817329977e-01 5.587255670603576e-06 1.166138679298859e-06
 2.194147788597613e-01 8.114811876309761e-06 1.397192338433672e-06
 2.255905436716831e-01 5.162111513725825e-06 1.165976304349958e-06
 2.319401348375560e-01 5.042847095572934e-06 1.179956737780307e-06
 2.384684449661901e-01 5.742819112765180e-06 1.323164572400857e-06
 2.451805043763595e-01 4.618530847104265e-06 1.278322167866091e-06
 2.520814849728605e-01 5.905649797577357e-06 1.510301615954306e-06
 2.591767042316664e-01 4.105125036167376e-06 1.311350527406343e-06
 2.664716292972511e-01 6.246670569623701e-06 1.705531908396592e-06
 2.719318658777813e-01 3.126379736693812e-06 1.863519836555063e-06
