 SANS2D Fri 14-SEP-2018 08:58 Workspace: 53009merged_1D_1.75_12.5
 D2O Proteoliposomes 4mgml_lysoPC_SANS
   76    0    0    0    1   76    0
         0         0         0         0
 3 (F12.5,2E16.6)
     0.00156    8.490126e+02    7.215645e+01    2.960654e-04
     0.00168    7.779890e+02    4.122511e+01    3.030975e-04
     0.00182    5.685059e+02    2.417077e+01    3.124641e-04
     0.00197    4.410466e+02    1.531911e+01    3.240160e-04
     0.00212    3.773431e+02    1.071677e+01    3.353758e-04
     0.00229    2.911869e+02    7.260245e+00    3.507490e-04
     0.00248    2.235284e+02    5.189296e+00    3.684300e-04
     0.00267    1.702714e+02    3.748174e+00    3.868572e-04
     0.00289    1.370337e+02    2.763116e+00    4.102904e-04
     0.00312    1.047935e+02    2.069082e+00    4.336970e-04
     0.00337    8.268437e+01    1.573099e+00    4.544092e-04
     0.00364    6.453005e+01    1.188314e+00    4.853620e-04
     0.00393    5.198977e+01    9.247032e-01    5.112517e-04
     0.00424    3.972420e+01    7.125179e-01    5.366704e-04
     0.00458    3.209518e+01    5.613390e-01    5.646862e-04
     0.00495    2.532321e+01    4.455757e-01    5.875227e-04
     0.00534    2.083401e+01    3.591535e-01    6.156179e-04
     0.00577    1.609435e+01    2.845540e-01    6.429398e-04
     0.00623    1.284521e+01    2.295720e-01    6.673206e-04
     0.00673    1.049437e+01    1.878387e-01    6.886694e-04
     0.00727    8.405089e+00    1.529044e-01    7.073104e-04
     0.00785    7.042032e+00    1.281984e-01    7.359835e-04
     0.00848    5.587095e+00    1.052698e-01    7.529691e-04
     0.00916    4.614728e+00    8.825684e-02    7.584472e-04
     0.00989    3.981656e+00    7.535367e-02    7.793919e-04
     0.01068    3.240987e+00    6.322009e-02    7.845000e-04
     0.01154    2.671607e+00    5.317575e-02    7.972814e-04
     0.01246    2.303074e+00    4.586343e-02    8.062854e-04
     0.01346    1.958757e+00    3.934112e-02    8.248226e-04
     0.01453    1.691821e+00    3.395032e-02    8.376055e-04
     0.01570    1.397860e+00    2.869941e-02    8.362249e-04
     0.01695    1.224929e+00    2.512536e-02    8.522411e-04
     0.01831    1.063751e+00    2.178204e-02    8.625918e-04
     0.01977    9.332014e-01    1.911690e-02    8.819840e-04
     0.02136    7.746863e-01    1.638663e-02    9.142118e-04
     0.02307    6.859715e-01    1.442765e-02    9.426768e-04
     0.02491    5.716575e-01    1.249729e-02    9.779140e-04
     0.02690    5.094252e-01    1.116330e-02    1.012937e-03
     0.02906    4.523282e-01    1.000158e-02    1.053872e-03
     0.03138    3.988694e-01    8.997904e-03    1.103389e-03
     0.03389    3.448351e-01    7.998512e-03    1.150458e-03
     0.03660    2.887941e-01    7.107599e-03    1.213659e-03
     0.03953    2.493763e-01    6.420953e-03    1.281274e-03
     0.04269    2.193855e-01    5.871588e-03    1.349417e-03
     0.04611    1.945482e-01    5.390415e-03    1.433102e-03
     0.04980    1.668310e-01    4.916681e-03    1.499955e-03
     0.05378    1.408639e-01    4.502663e-03    1.594551e-03
     0.05808    1.205267e-01    4.161689e-03    1.683748e-03
     0.06273    1.032384e-01    3.843427e-03    1.793291e-03
     0.06775    8.819254e-02    3.605829e-03    1.891418e-03
     0.07317    7.217858e-02    3.364834e-03    2.003632e-03
     0.07902    6.385263e-02    3.157372e-03    2.135966e-03
     0.08534    5.282085e-02    2.921726e-03    2.269850e-03
     0.09217    4.306659e-02    2.701633e-03    2.411986e-03
     0.09954    4.717543e-02    2.608015e-03    2.560058e-03
     0.10751    3.340512e-02    2.359192e-03    2.729013e-03
     0.11611    3.636231e-02    2.238840e-03    2.912379e-03
     0.12539    3.371182e-02    2.076003e-03    3.115244e-03
     0.13543    3.308942e-02    1.942338e-03    3.341558e-03
     0.14626    3.262324e-02    1.796765e-03    3.589810e-03
     0.15796    2.914521e-02    1.643537e-03    3.862572e-03
     0.17060    2.718978e-02    1.538669e-03    4.163630e-03
     0.18425    2.787451e-02    1.436463e-03    4.486786e-03
     0.19899    2.902849e-02    1.363926e-03    4.830307e-03
     0.21490    2.505182e-02    1.280853e-03    5.207379e-03
     0.23210    2.827080e-02    1.234080e-03    5.614291e-03
     0.25066    2.769772e-02    1.186586e-03    6.050208e-03
     0.27072    2.498499e-02    1.137420e-03    6.521195e-03
     0.29237    2.539685e-02    1.117333e-03    7.029841e-03
     0.31576    2.487045e-02    1.106981e-03    7.577855e-03
     0.34103    2.451170e-02    1.102402e-03    8.170080e-03
     0.36831    2.832320e-02    1.136590e-03    8.814704e-03
     0.39777    2.552187e-02    1.138346e-03    9.504976e-03
     0.42959    2.596637e-02    1.176625e-03    1.025484e-02
     0.46396    2.524811e-02    1.211424e-03    1.106318e-02
     0.49090    2.443421e-02    1.800763e-03    6.755167e-03
