 SANS2D Wed 17-JUL-2019 13:45 Workspace: 
 d2o proteoliposomes_SANS
   76    0    0    0    1   76    0
         0         0         0         0
 3 (F12.5,2E16.6)
     0.00156    4.449500e+02    4.785265e+01    2.954606e-04
     0.00168    2.851665e+02    2.330013e+01    3.050211e-04
     0.00182    2.501417e+02    1.502048e+01    3.142901e-04
     0.00197    1.970901e+02    9.472921e+00    3.245584e-04
     0.00212    1.660234e+02    6.553640e+00    3.373827e-04
     0.00229    1.345287e+02    4.633975e+00    3.515688e-04
     0.00248    1.114381e+02    3.386355e+00    3.719774e-04
     0.00267    8.808065e+01    2.476229e+00    3.874673e-04
     0.00289    7.002364e+01    1.859615e+00    4.100917e-04
     0.00312    5.831592e+01    1.428635e+00    4.288267e-04
     0.00337    4.638735e+01    1.080465e+00    4.564442e-04
     0.00364    3.945693e+01    8.637699e-01    4.819437e-04
     0.00393    3.144056e+01    6.695170e-01    5.124936e-04
     0.00424    2.638625e+01    5.367824e-01    5.390201e-04
     0.00458    2.203980e+01    4.307826e-01    5.633055e-04
     0.00495    1.786041e+01    3.447735e-01    5.836057e-04
     0.00534    1.529380e+01    2.861870e-01    6.172049e-04
     0.00577    1.351134e+01    2.399047e-01    6.332598e-04
     0.00623    1.141680e+01    1.987937e-01    6.610070e-04
     0.00673    9.506064e+00    1.637736e-01    6.895606e-04
     0.00727    7.804632e+00    1.356645e-01    6.997362e-04
     0.00785    6.729415e+00    1.152141e-01    7.313631e-04
     0.00848    5.507394e+00    9.595181e-02    7.347203e-04
     0.00916    4.811220e+00    8.232308e-02    7.651858e-04
     0.00989    3.978682e+00    6.923227e-02    7.713732e-04
     0.01068    3.259385e+00    5.832961e-02    7.776079e-04
     0.01154    2.724906e+00    4.943475e-02    7.997256e-04
     0.01246    2.206705e+00    4.141306e-02    7.994423e-04
     0.01346    1.872934e+00    3.542148e-02    8.122425e-04
     0.01453    1.586569e+00    3.034380e-02    8.279682e-04
     0.01570    1.312272e+00    2.569845e-02    8.323545e-04
     0.01695    1.114123e+00    2.210729e-02    8.577732e-04
     0.01831    9.535125e-01    1.919090e-02    8.608772e-04
     0.01977    8.105267e-01    1.661389e-02    8.864689e-04
     0.02136    6.524066e-01    1.409010e-02    9.108552e-04
     0.02307    5.547997e-01    1.227321e-02    9.471655e-04
     0.02491    4.600592e-01    1.064059e-02    9.825019e-04
     0.02690    4.162783e-01    9.503252e-03    1.007687e-03
     0.02906    3.381300e-01    8.350227e-03    1.048208e-03
     0.03138    2.783131e-01    7.302995e-03    1.098039e-03
     0.03389    2.341405e-01    6.508161e-03    1.152648e-03
     0.03660    2.025694e-01    5.880437e-03    1.211480e-03
     0.03953    1.702799e-01    5.279147e-03    1.282599e-03
     0.04269    1.346304e-01    4.704587e-03    1.353470e-03
     0.04611    1.240934e-01    4.422270e-03    1.427626e-03
     0.04980    1.000308e-01    3.987088e-03    1.511963e-03
     0.05378    8.289251e-02    3.687937e-03    1.591385e-03
     0.05808    7.169826e-02    3.411243e-03    1.689038e-03
     0.06273    5.432836e-02    3.178335e-03    1.789047e-03
     0.06775    4.345414e-02    2.946056e-03    1.893719e-03
     0.07317    3.823191e-02    2.790498e-03    2.010144e-03
     0.07902    2.588368e-02    2.605394e-03    2.131175e-03
     0.08534    2.391197e-02    2.444220e-03    2.265773e-03
     0.09217    2.019124e-02    2.303825e-03    2.409461e-03
     0.09954    1.528663e-02    2.155865e-03    2.571056e-03
     0.10751    1.840837e-02    2.070195e-03    2.733036e-03
     0.11611    1.550306e-02    1.932357e-03    2.917094e-03
     0.12539    8.909203e-03    1.783697e-03    3.116193e-03
     0.13543    1.310309e-02    1.689602e-03    3.349564e-03
     0.14626    1.251231e-02    1.567446e-03    3.595529e-03
     0.15796    9.518980e-03    1.459229e-03    3.866554e-03
     0.17060    1.347153e-02    1.379427e-03    4.160944e-03
     0.18425    1.065956e-02    1.281292e-03    4.483019e-03
     0.19899    1.032777e-02    1.206114e-03    4.831483e-03
     0.21490    1.148742e-02    1.150153e-03    5.208263e-03
     0.23210    1.186565e-02    1.101645e-03    5.614890e-03
     0.25066    1.028377e-02    1.044915e-03    6.048898e-03
     0.27072    1.070237e-02    1.016784e-03    6.522029e-03
     0.29237    1.070399e-02    9.861819e-04    7.030250e-03
     0.31576    1.135223e-02    9.827551e-04    7.580356e-03
     0.34103    1.151967e-02    9.828133e-04    8.170561e-03
     0.36831    1.034013e-02    9.845072e-04    8.812651e-03
     0.39777    9.801573e-03    9.972293e-04    9.505811e-03
     0.42959    1.114675e-02    1.024190e-03    1.025635e-02
     0.46396    1.078853e-02    1.048079e-03    1.106489e-02
     0.49090    1.034660e-02    1.569503e-03    6.751175e-03
