 SANS2D Fri 14-SEP-2018 09:03 Workspace: 52999merged_1D_1.75_12.5
 D2O Proteoliposomes 4 mgml_SANS
   76    0    0    0    1   76    0
         0         0         0         0
 3 (F12.5,2E16.6)
     0.00156    8.940868e+02    7.410195e+01    2.958197e-04
     0.00168    7.126345e+02    3.968943e+01    3.032332e-04
     0.00182    5.221168e+02    2.331620e+01    3.122887e-04
     0.00197    4.545585e+02    1.558462e+01    3.230620e-04
     0.00212    3.483458e+02    1.035267e+01    3.378442e-04
     0.00229    2.685305e+02    7.010818e+00    3.515764e-04
     0.00248    2.025114e+02    4.968644e+00    3.707904e-04
     0.00267    1.583726e+02    3.632939e+00    3.887341e-04
     0.00289    1.346944e+02    2.746125e+00    4.092098e-04
     0.00312    1.005847e+02    2.033385e+00    4.326894e-04
     0.00337    7.668377e+01    1.520811e+00    4.574896e-04
     0.00364    6.193394e+01    1.167348e+00    4.840988e-04
     0.00393    4.859704e+01    8.971062e-01    5.140791e-04
     0.00424    3.935802e+01    7.105747e-01    5.325146e-04
     0.00458    3.121755e+01    5.548704e-01    5.629575e-04
     0.00495    2.415276e+01    4.363567e-01    5.908552e-04
     0.00534    1.905269e+01    3.446969e-01    6.200375e-04
     0.00577    1.550111e+01    2.799329e-01    6.440261e-04
     0.00623    1.236978e+01    2.258290e-01    6.626354e-04
     0.00673    9.943663e+00    1.833469e-01    6.981532e-04
     0.00727    8.266603e+00    1.519286e-01    7.099843e-04
     0.00785    6.588644e+00    1.243738e-01    7.244215e-04
     0.00848    5.454113e+00    1.042354e-01    7.375926e-04
     0.00916    4.425125e+00    8.665607e-02    7.535162e-04
     0.00989    3.573568e+00    7.170173e-02    7.846148e-04
     0.01068    3.085616e+00    6.186954e-02    7.760505e-04
     0.01154    2.593052e+00    5.251980e-02    7.842459e-04
     0.01246    2.119963e+00    4.419749e-02    7.982483e-04
     0.01346    1.852585e+00    3.840589e-02    8.096578e-04
     0.01453    1.531187e+00    3.249351e-02    8.288403e-04
     0.01570    1.359436e+00    2.838382e-02    8.302801e-04
     0.01695    1.151716e+00    2.448513e-02    8.363175e-04
     0.01831    9.920990e-01    2.115380e-02    8.657721e-04
     0.01977    8.541361e-01    1.842411e-02    8.868366e-04
     0.02136    7.249467e-01    1.595411e-02    9.157459e-04
     0.02307    6.303541e-01    1.394272e-02    9.353912e-04
     0.02491    5.310002e-01    1.214336e-02    9.746264e-04
     0.02690    4.664605e-01    1.079124e-02    1.011059e-03
     0.02906    4.057712e-01    9.597938e-03    1.062243e-03
     0.03138    3.528885e-01    8.599357e-03    1.107019e-03
     0.03389    3.103114e-01    7.698531e-03    1.154783e-03
     0.03660    2.700971e-01    6.946224e-03    1.215968e-03
     0.03953    2.433257e-01    6.373792e-03    1.280787e-03
     0.04269    2.036236e-01    5.732854e-03    1.355694e-03
     0.04611    1.732979e-01    5.196919e-03    1.424719e-03
     0.04980    1.449683e-01    4.711627e-03    1.508147e-03
     0.05378    1.351507e-01    4.453119e-03    1.591326e-03
     0.05808    1.034224e-01    3.994148e-03    1.693078e-03
     0.06273    9.353736e-02    3.748287e-03    1.784018e-03
     0.06775    7.321530e-02    3.451082e-03    1.896325e-03
     0.07317    6.640798e-02    3.306792e-03    2.010587e-03
     0.07902    5.485188e-02    3.061199e-03    2.140403e-03
     0.08534    4.685836e-02    2.857502e-03    2.266810e-03
     0.09217    4.673032e-02    2.746377e-03    2.405587e-03
     0.09954    4.419619e-02    2.578722e-03    2.562271e-03
     0.10751    3.795755e-02    2.411726e-03    2.726953e-03
     0.11611    3.512981e-02    2.228737e-03    2.912948e-03
     0.12539    3.470200e-02    2.088669e-03    3.119171e-03
     0.13543    3.294059e-02    1.943488e-03    3.337706e-03
     0.14626    3.288843e-02    1.801491e-03    3.592920e-03
     0.15796    3.002758e-02    1.653174e-03    3.866831e-03
     0.17060    2.696001e-02    1.538671e-03    4.159594e-03
     0.18425    2.875658e-02    1.444907e-03    4.481577e-03
     0.19899    2.636277e-02    1.345992e-03    4.828167e-03
     0.21490    2.683107e-02    1.294572e-03    5.210388e-03
     0.23210    2.818490e-02    1.234855e-03    5.614053e-03
     0.25066    2.637617e-02    1.179384e-03    6.049658e-03
     0.27072    2.706940e-02    1.151916e-03    6.519749e-03
     0.29237    2.649572e-02    1.125463e-03    7.027582e-03
     0.31576    2.484703e-02    1.108039e-03    7.578668e-03
     0.34103    2.502890e-02    1.106779e-03    8.171295e-03
     0.36831    2.821504e-02    1.137130e-03    8.812663e-03
     0.39777    2.754671e-02    1.152724e-03    9.506539e-03
     0.42959    2.590374e-02    1.177512e-03    1.025330e-02
     0.46396    2.521124e-02    1.212381e-03    1.106265e-02
     0.49090    2.470307e-02    1.805190e-03    6.749815e-03
