 SANS2D Thu 18-JUL-2019 18:13 Workspace: 
 40 uM PXG D2O_SANS
   76    0    0    0    1   76    0
         0         0         0         0
 3 (F12.5,2E16.6)
     0.00156    3.346912e+01    2.837509e+01    2.997923e-04
     0.00168   -1.357100e+01    1.062548e+01    3.025895e-04
     0.00182   -2.079192e+00    7.649296e+00    3.104269e-04
     0.00197    1.213277e+01    5.541635e+00    3.282765e-04
     0.00212    5.545530e-01    3.188686e+00    3.398455e-04
     0.00229   -9.311506e-01    2.253130e+00    3.510247e-04
     0.00248    2.170122e+00    1.656899e+00    3.741788e-04
     0.00267   -1.158192e+00    1.082978e+00    3.831491e-04
     0.00289   -3.154784e-01    8.181124e-01    4.118571e-04
     0.00312    1.487698e+00    6.648650e-01    4.536070e-04
     0.00337    7.908168e-01    4.731421e-01    4.567232e-04
     0.00364    4.199739e-01    3.465601e-01    5.036719e-04
     0.00393    2.526403e-01    2.669151e-01    5.204635e-04
     0.00424   -1.349926e-01    1.851617e-01    5.502520e-04
     0.00458   -8.884646e-02    1.399129e-01    6.445036e-04
     0.00495   -1.091217e-02    1.157721e-01    5.733772e-04
     0.00534   -1.196621e-01    9.003486e-02    6.574735e-04
     0.00577    5.342379e-02    7.543619e-02    6.642449e-04
     0.00623   -4.495396e-02    5.736343e-02    6.800114e-04
     0.00673    1.600707e-04    4.498150e-02    7.227015e-04
     0.00727   -7.525244e-02    3.488667e-02    6.727391e-04
     0.00785    2.491528e-02    3.459434e-02    7.819280e-04
     0.00848   -1.956258e-02    2.762726e-02    7.559560e-04
     0.00916   -1.421348e-03    2.382358e-02    8.470512e-04
     0.00989    2.510992e-02    2.246280e-02    7.460729e-04
     0.01068   -2.519339e-02    1.820814e-02    8.291929e-04
     0.01154   -2.331594e-02    1.650972e-02    8.114086e-04
     0.01246    1.290289e-02    1.583385e-02    7.552796e-04
     0.01346    4.303393e-03    1.405381e-02    8.723188e-04
     0.01453   -2.254873e-02    1.137385e-02    8.470480e-04
     0.01570   -1.126164e-02    1.066381e-02    9.134865e-04
     0.01695   -8.589674e-03    9.739252e-03    8.646780e-04
     0.01831    1.279206e-03    9.375604e-03    9.015297e-04
     0.01977    1.231666e-02    8.955814e-03    9.079189e-04
     0.02136    3.090811e-03    7.877524e-03    9.646938e-04
     0.02307   -2.127489e-03    7.063143e-03    9.858751e-04
     0.02491   -2.823834e-03    6.523159e-03    9.983620e-04
     0.02690    8.700111e-03    6.161984e-03    1.010734e-03
     0.02906    2.653246e-03    5.787141e-03    1.072940e-03
     0.03138    6.184525e-03    5.388696e-03    1.085459e-03
     0.03389    3.457647e-03    4.973554e-03    1.138273e-03
     0.03660    5.961799e-03    4.714067e-03    1.211194e-03
     0.03953    4.239047e-03    4.365378e-03    1.300035e-03
     0.04269    2.143374e-03    4.090815e-03    1.353739e-03
     0.04611    3.245231e-03    3.946314e-03    1.420910e-03
     0.04980    6.463085e-03    3.776155e-03    1.509072e-03
     0.05378    4.520174e-04    3.525215e-03    1.590479e-03
     0.05808    7.859684e-03    3.472511e-03    1.686589e-03
     0.06273    1.777469e-03    3.314493e-03    1.797485e-03
     0.06775    2.894287e-03    3.187231e-03    1.900998e-03
     0.07317    3.853616e-04    3.013185e-03    2.010929e-03
     0.07902   -9.394688e-04    2.934914e-03    2.136001e-03
     0.08534    1.059507e-03    2.791326e-03    2.269898e-03
     0.09217    1.980002e-03    2.689906e-03    2.405751e-03
     0.09954    7.650848e-04    2.555656e-03    2.567220e-03
     0.10751    7.500908e-04    2.409013e-03    2.736347e-03
     0.11611   -3.453454e-03    2.207220e-03    2.918278e-03
     0.12539   -2.698018e-03    2.129452e-03    3.121086e-03
     0.13543    1.424370e-03    2.029469e-03    3.344402e-03
     0.14626    1.506470e-03    1.888442e-03    3.593658e-03
     0.15796    1.296249e-03    1.787027e-03    3.863623e-03
     0.17060   -8.031247e-04    1.622150e-03    4.163858e-03
     0.18425    3.328032e-03    1.580847e-03    4.486388e-03
     0.19899   -1.251922e-03    1.438811e-03    4.826550e-03
     0.21490    2.021203e-03    1.397736e-03    5.213004e-03
     0.23210   -1.428093e-04    1.313175e-03    5.612020e-03
     0.25066    1.773627e-03    1.275012e-03    6.049441e-03
     0.27072    1.001983e-03    1.229715e-03    6.520136e-03
     0.29237    1.413281e-03    1.194790e-03    7.027863e-03
     0.31576    5.868891e-04    1.178271e-03    7.580167e-03
     0.34103    3.606423e-04    1.174455e-03    8.171641e-03
     0.36831   -1.020537e-04    1.179690e-03    8.810745e-03
     0.39777   -2.001934e-03    1.178709e-03    9.505212e-03
     0.42959   -7.164777e-04    1.212252e-03    1.025277e-02
     0.46396    6.461021e-04    1.256154e-03    1.106731e-02
     0.49090   -4.418372e-04    1.870644e-03    6.755691e-03
