 SANS2D Fri 14-SEP-2018 08:39 Workspace: 53019merged_1D_1.75_12.5
 D2O lysoPC_SANS
   76    0    0    0    1   76    0
         0         0         0         0
 3 (F12.5,2E16.6)
     0.00156    6.961269e+00    2.225463e+01    2.944678e-04
     0.00168    1.999638e+01    1.195571e+01    3.024119e-04
     0.00182   -7.197657e+00    5.941504e+00    3.089162e-04
     0.00197   -2.186058e+00    4.087742e+00    3.213258e-04
     0.00212    6.297614e+00    2.997041e+00    3.353182e-04
     0.00229    5.660664e+00    2.053386e+00    3.551728e-04
     0.00248    1.800339e+00    1.354852e+00    3.725449e-04
     0.00267    6.880522e-01    1.005600e+00    3.889202e-04
     0.00289    2.155043e+00    7.325506e-01    4.140499e-04
     0.00312   -6.250960e-01    4.912287e-01    4.516191e-04
     0.00337    1.368390e+00    4.148325e-01    4.611018e-04
     0.00364    2.459369e-01    2.769030e-01    4.881603e-04
     0.00393    1.231046e-01    2.089274e-01    5.086293e-04
     0.00424    4.054377e-01    1.709080e-01    5.392266e-04
     0.00458    2.330132e-01    1.280600e-01    5.993985e-04
     0.00495   -6.167292e-03    9.485854e-02    5.938291e-04
     0.00534    2.619035e-02    7.422378e-02    6.490354e-04
     0.00577    8.727308e-02    6.031645e-02    6.650159e-04
     0.00623    7.448027e-02    5.092994e-02    7.037018e-04
     0.00673    6.135518e-02    4.011842e-02    7.239796e-04
     0.00727    1.544632e-01    3.643298e-02    7.435606e-04
     0.00785    9.836503e-02    2.960039e-02    7.392592e-04
     0.00848    1.804977e-02    2.365860e-02    7.528547e-04
     0.00916    2.236589e-02    2.099468e-02    7.816045e-04
     0.00989    6.402568e-02    1.893044e-02    7.823012e-04
     0.01068    6.637550e-02    1.718837e-02    8.027997e-04
     0.01154    6.345776e-02    1.533005e-02    7.950618e-04
     0.01246    7.039429e-02    1.392751e-02    8.355532e-04
     0.01346    4.092598e-02    1.211599e-02    8.576465e-04
     0.01453    5.637487e-02    1.138968e-02    8.471268e-04
     0.01570    5.989354e-02    1.031525e-02    8.735914e-04
     0.01695    3.059018e-02    8.975495e-03    8.905944e-04
     0.01831    5.604146e-02    8.568106e-03    8.834509e-04
     0.01977    4.945460e-02    7.828377e-03    8.907723e-04
     0.02136    4.935776e-02    7.198006e-03    9.280237e-04
     0.02307    4.813270e-02    6.514414e-03    9.727802e-04
     0.02491    4.026070e-02    5.964695e-03    9.852619e-04
     0.02690    4.213705e-02    5.586938e-03    1.000585e-03
     0.02906    4.042116e-02    5.189527e-03    1.052507e-03
     0.03138    3.904261e-02    4.873811e-03    1.111005e-03
     0.03389    3.345243e-02    4.409899e-03    1.159160e-03
     0.03660    4.450197e-02    4.315585e-03    1.231121e-03
     0.03953    3.817657e-02    4.003769e-03    1.280810e-03
     0.04269    2.796054e-02    3.673543e-03    1.354584e-03
     0.04611    3.132463e-02    3.521663e-03    1.429763e-03
     0.04980    2.931900e-02    3.323330e-03    1.515826e-03
     0.05378    3.032267e-02    3.209700e-03    1.590266e-03
     0.05808    2.173991e-02    2.984103e-03    1.692337e-03
     0.06273    2.287716e-02    2.868079e-03    1.800062e-03
     0.06775    1.340582e-02    2.679095e-03    1.888640e-03
     0.07317    9.267203e-03    2.567576e-03    2.026533e-03
     0.07902    9.989161e-03    2.461295e-03    2.145074e-03
     0.08534    9.671987e-03    2.350561e-03    2.273258e-03
     0.09217    5.358974e-03    2.198681e-03    2.413851e-03
     0.09954    6.469961e-03    2.086935e-03    2.573056e-03
     0.10751    1.480986e-03    1.946542e-03    2.727333e-03
     0.11611    3.195911e-03    1.829336e-03    2.914453e-03
     0.12539    2.385499e-03    1.703993e-03    3.121532e-03
     0.13543    3.379764e-05    1.574430e-03    3.350376e-03
     0.14626    1.069648e-03    1.464371e-03    3.598169e-03
     0.15796    1.776268e-03    1.367212e-03    3.866045e-03
     0.17060   -1.985631e-03    1.262074e-03    4.158307e-03
     0.18425    2.744461e-03    1.210382e-03    4.483384e-03
     0.19899    1.210423e-04    1.119690e-03    4.831095e-03
     0.21490   -1.323974e-03    1.066510e-03    5.207540e-03
     0.23210   -4.718653e-04    1.011870e-03    5.613017e-03
     0.25066   -5.984170e-04    9.752884e-04    6.048355e-03
     0.27072   -6.227586e-04    9.487123e-04    6.522113e-03
     0.29237    4.923923e-05    9.339398e-04    7.030003e-03
     0.31576   -2.175606e-04    9.268627e-04    7.580642e-03
     0.34103   -9.613943e-04    9.177140e-04    8.170401e-03
     0.36831   -1.748614e-03    9.189452e-04    8.811952e-03
     0.39777    2.167750e-04    9.483100e-04    9.506580e-03
     0.42959   -2.470466e-03    9.576224e-04    1.025274e-02
     0.46396   -9.807156e-05    1.007548e-03    1.106380e-02
     0.49090   -1.688426e-03    1.485757e-03    6.755241e-03
